image_width: 1280
image_height: 720

camera_name: simulated_D435

camera_matrix:
  rows: 3
  cols: 3
  data: [1108.4, 0.0, 640.0,
         0.0, 831.3, 360.0,
         0.0, 0.0, 1.0]

distortion_model: plumb_bob
distortion_coefficients:
  rows: 1
  cols: 5
  data: [0.104207, -0.255558, 0.000512, 0.000319, 0.128694]

rectification_matrix:
  rows: 3
  cols: 3
  data: [1.0, 0.0, 0.0,
         0.0, 1.0, 0.0,
         0.0, 0.0, 1.0]

projection_matrix:
  rows: 3
  cols: 4
  data: [1108.4, 0.0, 640.0, 0.0,
         0.0, 831.3, 360.0, 0.0,
         0.0, 0.0, 1.0, 0.0]
